596.85
170.98
596.85
123.22
596.85
123.22
596.85
251.76
181.72
241.96
170.98
123.22
241.96
422.98
241.96
596.85
422.98
379.19
422.98
422.98
596.85
123.22
181.72
241.96
422.98
181.72
251.76
241.96
181.72
422.98
241.96
241.96
241.96
181.72
241.96
241.96
241.96
123.22
379.19
241.96
123.22
181.72
241.96
379.19
123.22
123.22
422.98
170.98
379.19
241.96
422.98
379.19
170.98
422.98
379.19
596.85
422.98
241.96
123.22
422.98
123.22
241.96
241.96
170.98
422.98
379.19
241.96
422.98
422.98
596.85
241.96
347.73
123.22
596.85
241.96
379.19
170.98
596.85
241.96
241.96
241.96
241.96
241.96
170.98
347.73
422.98
181.72
241.96
170.98
241.96
181.72
241.96
379.19
170.98
241.96
379.19
596.85
251.76
379.19
241.96
834.79
1533.18
929.04
1762.29
1211.65
643.45
633.08
1560.61
834.79
1416.29
839.08
1533.18
1560.61
1687.13
1560.61
1533.18
809.23
839.08
1280.37
839.08
1762.29
1687.13
614.02
1290.22
839.08
1533.18
894.82
834.79
643.45
702.76
1533.18
1056.79
1211.65
882.57
1416.29
809.23
1107.87
1560.61
1533.18
834.79
614.02
1056.79
1056.79
882.57
928.83
1280.37
1533.18
1533.18
882.57
1533.18
882.57
1533.18
1056.79
1416.29
1533.18
614.02
1290.22
1280.37
809.23
839.08
1280.37
569.60
1211.65
1056.79
1533.18
1475.17
894.82
894.82
1762.29
470.64
809.23
1000.38
929.04
1416.29
1416.29
1475.17
633.08
834.79
809.23
839.08
1416.29
1416.29
614.02
1762.29
928.83
1107.87
839.08
882.57
839.08
1416.29
1533.18
1280.37
928.83
569.60
543.91
1211.65
1000.38
702.76
702.76
929.04
1898.45
1602.48
1663.26
994.34
1602.48
1919.96
994.34
994.34
1329.37
1716.22
1544.43
1416.43
1586.41
1359.98
1714.21
1733.18
1484.82
1225.32
1994.14
1416.43
992.91
1359.98
1952.76
1746.03
1663.26
1393.35
1211.65
1916.60
994.34
1671.95
661.86
1528.91
994.34
1586.41
992.91
1714.21
1359.98
1668.15
1470.20
1544.43
1359.98
1602.48
822.67
1564.73
1586.41
1823.30
1994.14
1851.19
1602.48
1823.30
1301.25
1187.43
1917.27
1602.48
1952.76
1104.00
1484.82
809.23
1416.43
1359.98
1484.82
1791.58
1791.58
1301.25
1564.73
1733.18
1716.22
1162.75
1359.98
1952.76
1528.91
1791.58
1528.91
1162.75
992.91
1123.98
1791.58
1110.57
1528.91
958.31
1952.13
1187.43
1663.26
1952.13
1564.73
1994.14
1764.16
1225.32
1246.67
1187.43
2174.78
1744.06
2174.78
1855.07
994.34
1484.82
857.52
1898.45
1564.73
1246.67
1663.26
1162.75
1325.67
841.07
1436.37
809.23
1038.90
1573.14
1436.37
1528.91
1142.28
1249.89
1142.28
1249.89
1249.89
702.76
1162.75
631.35
1038.90
1038.90
1716.22
882.57
744.62
633.08
1623.47
1038.90
1290.22
1665.01
1249.89
744.62
631.35
693.96
693.96
1855.07
1249.89
744.62
744.62
693.96
1162.75
1162.75
744.62
882.57
1249.89
1110.57
992.91
1142.28
1249.89
693.96
1142.28
1290.22
1917.27
937.87
693.96
1290.22
631.35
744.62
1436.37
1436.37
631.35
744.62
744.62
1038.90
1824.61
1436.37
693.96
1762.29
1475.17
937.87
744.62
1249.89
1104.00
1038.90
1436.37
1436.37
1249.89
1211.65
1436.37
631.35
744.62
1211.65
744.62
1162.75
1325.67
631.35
1142.28
691.48
1855.07
527.82
937.87
1475.17
693.96
1162.75
605.99
1436.37
1917.27
1110.57
1249.89
841.07
1162.75
1668.15
994.34
937.87
857.52
929.04
668.27
520.10
1123.98
894.82
470.64
1225.32
693.96
1142.28
822.67
992.91
709.36
643.45
1110.57
552.78
1110.57
596.85
1110.57
520.10
809.23
702.76
643.45
834.79
1211.65
668.27
422.98
1110.57
422.98
841.07
839.08
937.87
668.27
1110.57
882.57
744.62
822.67
1142.28
992.91
822.67
668.27
722.17
543.91
1104.00
631.35
614.02
1039.55
744.62
283.84
283.84
283.84
722.17
1249.89
668.27
937.87
729.48
408.93
840.37
841.07
764.94
937.87
668.27
1038.90
408.93
764.94
1038.90
1249.89
251.76
764.94
722.17
1142.28
840.37
691.48
729.48
1142.28
1142.28
729.48
375.83
668.27
631.35
283.84
283.84
729.48
693.96
1142.28
937.87
841.07
1142.28
664.20
631.35
408.93
764.94
375.83
283.84
1142.28
722.17
729.48
729.48
1142.28
937.87
693.96
251.76
1142.28
251.76
729.48
631.35
937.87
631.35
937.87
744.62
631.35
408.93
283.84
937.87
764.94
1038.90
937.87
408.93
937.87
729.48
1038.90
408.93
664.20
408.93
631.35
840.37
729.48
375.83
631.35
937.87
840.37
693.96
283.84
840.37
937.87
283.84
1142.28
631.35
840.37
1142.28
722.17
283.84
408.93
408.93
1038.90
1142.28
375.83
729.48
1552.60
1192.99
1346.17
1346.17
1416.29
543.91
661.86
709.36
1192.99
1552.60
709.36
1533.18
1039.55
709.36
1552.60
822.67
839.08
643.45
1039.55
1346.17
643.45
569.60
839.08
1470.20
1346.17
822.67
1484.82
661.86
1416.43
569.60
543.91
1192.99
643.45
643.45
857.52
1552.60
1346.17
929.04
1107.87
1416.43
1484.82
857.52
1056.79
1484.82
822.67
1491.18
1533.18
1192.99
839.08
1416.29
1491.18
643.45
1544.43
1533.18
643.45
1552.60
839.08
569.60
839.08
1552.60
929.04
839.08
1416.29
1544.43
1552.60
709.36
1107.87
633.08
1393.35
569.60
1491.18
543.91
1533.18
543.91
822.67
1416.29
1416.43
643.45
1470.20
1107.87
839.08
643.45
709.36
1552.60
1123.98
709.36
1552.60
1533.18
809.23
1552.60
569.60
839.08
643.45
1039.55
1039.55
1107.87
643.45
1346.17
1533.18
839.08
1917.27
2048.79
1855.07
1823.30
1816.57
1952.13
1994.14
2034.91
1952.13
2034.91
1952.13
1824.61
1851.19
2034.91
1849.44
1855.07
1744.06
1994.14
1851.19
1847.16
1866.74
1851.19
1855.07
2034.91
1994.14
1816.57
1851.19
2023.45
1747.45
1824.61
1851.19
1478.46
1824.61
2034.91
1952.13
1851.19
1822.79
1952.13
1812.19
1747.45
1744.06
1952.13
2034.91
1744.06
1851.19
1898.45
1822.79
1851.19
2174.78
1952.13
1824.61
1849.44
1824.61
2034.91
1952.13
1764.16
2034.91
2174.78
1824.61
1824.61
1816.57
1822.79
1816.57
1849.44
2034.91
1812.19
1824.61
1816.57
1952.13
1732.96
2174.78
1824.61
1732.96
2034.91
1849.44
2023.45
1866.74
1952.13
1855.07
1824.61
2048.79
1917.27
1952.76
1812.19
1917.27
1917.27
1812.19
1478.46
1824.61
1952.13
1732.96
1824.61
2174.78
1851.19
1855.07
1744.06
1812.19
2023.45
1732.96
1764.16
1232.16
1170.03
994.34
1879.54
1431.27
841.07
1387.94
1290.22
468.20
1359.98
2174.78
1518.48
1602.73
1724.51
1573.14
1868.78
1671.95
1747.45
1746.03
1301.25
1399.28
2174.78
1791.58
1879.54
1423.36
1346.17
1552.60
960.70
1992.50
1290.22
1674.36
1552.60
1787.57
1170.03
1549.12
2174.78
753.19
1879.54
1586.41
347.73
1898.45
2174.78
1123.98
468.20
1232.16
1671.95
1925.21
729.48
1661.51
1460.75
1484.82
1393.35
1359.98
2174.78
1602.48
1123.98
1110.57
1816.57
1216.14
1849.44
1387.94
994.34
840.37
170.98
1470.87
1345.27
1225.32
1952.13
1232.16
822.67
1533.37
1415.78
1436.37
422.98
1552.60
1623.47
1290.22
1665.01
722.17
1586.41
1359.98
994.34
1454.32
1851.19
664.20
1663.26
1552.60
1724.51
1162.75
1746.03
2174.78
937.87
1110.57
1325.67
1573.14
1773.78
1737.46
1366.23
1039.76
1280.37
1133.75
1917.47
1564.73
1879.54
1917.47
1732.96
1917.47
1732.96
1232.16
1791.58
1329.37
633.08
994.34
1436.37
1415.26
1211.65
1387.94
1366.23
1416.43
1549.12
971.86
1654.08
1866.74
1211.65
1345.27
2174.78
994.34
1560.61
1431.27
1879.54
527.82
1475.17
1315.42
935.53
664.20
1454.32
1142.28
1170.03
1306.92
1291.98
1142.28
1431.27
841.07
1879.54
1104.00
1898.45
1943.09
1110.57
722.17
1724.51
1665.01
1470.20
1787.57
2174.78
1528.91
702.76
1665.01
722.17
971.86
1943.09
1992.50
753.19
664.20
1454.32
1586.41
1123.98
822.67
1687.13
1716.22
2174.78
1823.30
1925.21
929.04
1663.26
1345.27
1454.32
1602.48
1952.13
1564.73
1714.21
1123.98
1764.16
1868.78
1563.68
1602.48
1366.23
468.20
1179.19
841.07
1387.94
1943.09
2174.78
1249.89
1491.18
1162.75
1528.91
1668.15
1306.92
1431.27
1602.48
1573.14
1366.23
1992.50
1655.63
1211.65
1602.48
1399.28
1518.48
1246.67
1943.09
1436.37
1654.08
1773.78
1518.48
1655.63
2174.78
1879.54
1952.13
1518.48
1123.98
1107.87
2224.92
2034.91
1898.45
1345.27
1665.01
937.87
520.10
1431.27
1533.37
935.53
1123.98
1110.57
1851.19
2006.40
1623.47
1663.26
1868.78
1994.14
1791.58
1604.87
1552.60
1791.58
1416.29
1994.14
1602.73
1300.49
1824.61
1814.61
1917.47
468.20
668.27
1952.76
1246.67
1733.18
2174.78
1655.63
1812.19
1602.48
1952.13
1359.98
1791.58
960.70
1484.82
1696.55
1665.01
633.08
1518.48
1096.57
1791.58
1604.87
753.19
1552.60
1714.21
822.67
1187.43
1671.95
1812.19
1724.51
633.08
1107.87
839.08
840.37
1436.37
1415.78
709.36
1747.45
1187.43
1104.00
1747.45
1552.60
1107.87
1992.50
1301.25
1056.79
1544.43
661.86
1301.25
1314.51
1668.15
822.67
1296.00
1142.28
2048.79
1460.75
1423.36
1654.08
1623.02
888.35
1879.54
1770.68
994.34
994.34
1564.73
1602.48
1179.19
1586.41
1724.51
1733.18
1533.18
1454.32
1724.51
937.87
1470.20
935.53
1623.47
1162.75
1696.55
1879.54
971.86
1484.82
1359.98
1917.27
1563.68
1314.51
664.20
1416.43
1868.78
1586.41
937.87
1764.16
1416.29
1427.38
1823.30
1484.82
1460.75
631.35
994.34
1746.03
1602.73
834.79
971.86
1879.54
1162.75
1301.25
1746.03
1564.73
1484.82
857.52
1879.54
1663.26
1724.51
1732.96
1359.98
1604.87
1549.12
1917.27
960.70
1733.18
1654.08
1431.27
1416.43
1849.44
937.87
1564.73
1573.14
1917.47
2048.79
1549.12
1665.01
1431.27
1812.19
1671.95
1039.55
840.37
1399.28
1110.57
1431.27
1791.58
2174.78
1436.37
1192.99
1359.98
1280.37
1491.18
1142.28
1917.27
1724.51
1791.58
1345.27
1668.15
1917.27
251.76
2224.92
1415.78
1668.15
1602.48
1866.74
1879.54
882.57
643.45
1123.98
643.45
1724.51
1747.45
1868.78
422.98
1415.26
1762.29
1470.20
1563.68
1454.32
1359.98
1732.96
994.34
1246.67
1602.73
1573.14
1992.50
1623.02
822.67
1564.73
643.45
1602.48
1787.57
1879.54
929.04
1436.37
1359.98
958.31
1770.68
888.35
1586.41
1733.18
1586.41
1952.76
1879.54
1484.82
1359.98
1187.43
1739.53
1192.99
1604.87
1470.87
722.17
1170.03
1333.38
992.91
1764.16
1346.17
1919.96
520.10
1602.73
1484.82
1917.47
1770.68
283.84
753.19
1914.43
631.35
1123.98
1573.14
1436.37
1733.18
1315.42
1814.61
1315.42
1747.45
702.76
1419.99
1552.60
1123.98
1573.14
1663.26
1602.73
468.20
994.34
809.23
1460.75
1552.60
1039.76
1333.38
840.37
1056.79
1225.32
1602.48
1868.78
1855.07
2034.91
1325.67
1994.14
1732.96
929.04
1170.03
664.20
1225.32
1518.48
1056.79
1917.47
1787.57
1518.48
702.76
1602.73
1296.00
1687.13
1739.53
1992.50
1162.75
1917.27
929.04
1549.12
1399.28
1162.75
1602.73
1366.23
1674.36
1744.06
822.67
1314.51
1484.82
643.45
1602.48
1573.14
822.67
1994.14
1431.27
2174.78
1170.03
596.85
1096.57
1521.30
1849.44
1747.45
1717.21
1431.27
1333.38
1564.73
1665.01
1366.23
1484.82
1992.50
1415.78
1602.48
1454.32
1586.41
1914.43
1847.16
1787.57
1315.42
1179.19
1096.57
1484.82
1552.60
958.31
1992.50
1663.26
744.62
1564.73
1917.27
1552.60
1359.98
992.91
1552.60
1187.43
822.67
1315.42
937.87
1346.17
1232.16
1399.28
1549.12
958.31
1110.57
1359.98
1142.28
1552.60
1306.92
702.76
1739.53
935.53
468.20
1179.19
937.87
1315.42
1142.28
1586.41
1187.43
1416.43
633.08
1681.66
994.34
1552.60
1170.03
1623.47
1952.13
2174.78
1623.02
1359.98
631.35
1724.51
1823.30
1484.82
1436.37
1655.63
1744.06
1518.48
1552.60
1492.69
1056.79
1952.13
1879.54
1812.19
1142.28
1416.43
1416.43
1661.51
1454.32
668.27
1917.47
1216.14
1724.51
1415.78
1096.57
1724.51
1306.92
1415.78
1992.50
1602.48
1484.82
822.67
1518.48
2174.78
1416.43
1423.36
1898.45
1739.53
1436.37
1879.54
1436.37
1518.48
1544.43
1573.14
1602.73
2174.78
994.34
744.62
1994.14
1552.60
1296.00
347.73
1460.75
822.67
929.04
1879.54
937.87
1518.48
1681.66
1732.96
1346.17
1791.58
1333.38
1359.98
1246.67
1823.30
1552.60
1586.41
1602.48
1427.38
1039.76
1528.91
1436.37
1249.89
1484.82
1733.18
1521.30
935.53
1671.95
1431.27
1552.60
1791.58
633.08
1992.50
1436.37
1851.19
1162.75
1952.13
1917.27
1952.13
1325.67
992.91
1992.50
1724.51
1552.60
840.37
1573.14
1812.19
1454.32
1246.67
1431.27
468.20
1564.73
839.08
1345.27
1162.75
2174.78
1315.42
1415.78
1586.41
958.31
693.96
1416.43
1552.60
1460.75
1602.48
857.52
1038.90
1484.82
1249.89
1419.99
1415.26
1898.45
1716.22
1170.03
841.07
1419.99
1733.18
1544.43
1460.75
1518.48
744.62
1387.94
1096.57
937.87
1232.16
1533.37
1602.48
1764.16
1387.94
1733.18
702.76
1563.68
1879.54
1039.76
1868.78
1187.43
1917.27
809.23
643.45
1436.37
1359.98
1814.61
1314.51
1847.16
1665.01
1533.18
1623.02
1170.03
857.52
1814.61
1724.51
470.64
1170.03
809.23
1038.90
834.79
1518.48
1423.36
1552.60
1855.07
520.10
839.08
668.27
1359.98
1187.43
1602.48
958.31
2174.78
1602.48
283.84
1573.14
1345.27
543.91
1187.43
1484.82
857.52
1744.06
1770.68
1663.26
722.17
468.20
1544.43
1333.38
1663.26
1544.43
1170.03
1696.55
422.98
596.85
1681.66
1668.15
702.76
840.37
1249.89
1484.82
1470.20
1315.42
1851.19
283.84
1399.28
809.23
1564.73
1733.18
1791.58
1671.95
1419.99
2006.40
1366.23
1992.50
1170.03
1586.41
1096.57
1528.91
1359.98
1123.98
1552.60
1246.67
1533.18
1739.53
1387.94
1733.18
1442.92
994.34
1179.19
1290.22
888.35
1681.66
1623.47
1528.91
1333.38
2224.92
1917.47
1814.61
468.20
1187.43
1211.65
1919.96
1552.60
1162.75
1518.48
937.87
1952.76
1733.18
2174.78
1549.12
1359.98
1123.98
2224.92
1717.21
543.91
633.08
857.52
1315.42
1549.12
1552.60
1528.91
1564.73
1602.73
1478.46
1415.26
1039.76
1436.37
1544.43
841.07
1602.73
1518.48
1123.98
631.35
834.79
1346.17
1142.28
1544.43
994.34
1306.92
1586.41
722.17
1484.82
1518.48
1416.43
1110.57
1291.98
1747.45
1518.48
2006.40
2174.78
1879.54
1823.30
1345.27
1333.38
1484.82
1552.60
1757.07
1681.66
605.99
1824.61
1952.76
1823.30
1564.73
1315.42
1381.95
1162.75
1039.76
1733.18
834.79
347.73
841.07
569.60
1427.38
992.91
834.79
693.96
958.31
1663.26
1573.14
753.19
1096.57
1994.14
822.67
1724.51
1879.54
1470.87
1564.73
347.73
1492.69
1290.22
937.87
1470.87
1442.92
935.53
1992.50
1415.26
1442.92
614.02
1919.96
935.53
1994.14
1096.57
1431.27
1211.65
1602.73
468.20
1484.82
468.20
1460.75
1739.53
2048.79
668.27
1916.60
937.87
1123.98
1123.98
1301.25
1733.18
1415.78
1604.87
1564.73
929.04
753.19
1110.57
1992.50
1879.54
992.91
1824.61
1819.25
1671.95
1056.79
1552.60
1419.99
709.36
1665.01
1039.55
1917.27
1329.37
1110.57
1563.68
1387.94
1387.94
1564.73
1724.51
1674.36
1431.27
1291.98
1521.30
1759.00
1170.03
1671.95
1314.51
958.31
1724.51
1602.73
1992.50
1096.57
994.34
958.31
1104.00
1732.96
1225.32
1952.76
468.20
1399.28
1249.89
1387.94
1663.26
1747.45
1917.27
1521.30
935.53
1232.16
1681.66
1952.13
520.10
2034.91
702.76
1107.87
1724.51
958.31
1454.32
605.99
1816.57
1518.48
2006.40
1943.09
1416.43
1564.73
1518.48
1943.09
1549.12
1552.60
894.82
822.67
1533.18
937.87
1671.95
1333.38
1399.28
2224.92
1586.41
1602.48
1484.82
1162.75
1879.54
1717.21
1992.50
569.60
958.31
1107.87
1133.75
1917.47
1714.21
1484.82
1992.50
1586.41
1431.27
1665.01
1668.15
1518.48
1994.14
958.31
1416.29
840.37
1714.21
1586.41
1739.53
693.96
1314.51
795.56
1291.98
1345.27
1249.89
596.85
1436.37
1436.37
1665.01
1170.03
722.17
935.53
1602.48
605.99
668.27
1586.41
1681.66
1359.98
1724.51
1604.87
1681.66
1665.01
1604.87
1665.01
1291.98
1791.58
1602.48
1211.65
744.62
994.34
1104.00
1431.27
543.91
1518.48
1917.27
1739.53
1399.28
1290.22
958.31
1724.51
2174.78
1552.60
1387.94
1914.43
1291.98
1346.17
1552.60
1549.12
882.57
1249.89
1816.57
1787.57
1816.57
1415.26
1552.60
1747.45
1665.01
2006.40
1724.51
1359.98
1739.53
1431.27
1791.58
1460.75
1552.60
1387.94
1518.48
1573.14
1436.37
888.35
693.96
1773.78
1602.48
1291.98
1039.76
1359.98
1484.82
1333.38
631.35
841.07
1484.82
1681.66
1359.98
1552.60
1952.13
1849.44
1994.14
1187.43
1549.12
992.91
1442.92
958.31
1917.47
527.82
1716.22
1039.76
1724.51
1851.19
1415.78
1586.41
937.87
1518.48
1724.51
468.20
1393.35
1232.16
1533.37
1387.94
1533.18
729.48
1454.32
1110.57
241.96
702.76
2023.45
1484.82
937.87
1359.98
1747.45
668.27
960.70
2023.45
1733.18
1762.29
1851.19
1812.19
1232.16
1663.26
1359.98
1822.79
1306.92
1623.47
1604.87
2174.78
543.91
1724.51
1416.29
1663.26
1518.48
841.07
1187.43
1602.73
1552.60
841.07
1454.32
1855.07
1549.12
958.31
1533.18
1470.20
1528.91
1849.44
1943.09
552.78
241.96
668.27
1564.73
1724.51
1764.16
1544.43
1560.61
1914.43
1814.61
1733.18
527.82
1823.30
1744.06
1552.60
1306.92
1992.50
1552.60
1819.25
1533.18
1192.99
1393.35
841.07
1564.73
1518.48
1747.45
1133.75
1387.94
251.76
1791.58
1454.32
1415.78
470.64
882.57
1724.51
1564.73
1770.68
958.31
1879.54
1436.37
929.04
1868.78
1296.00
929.04
722.17
1039.76
1824.61
1898.45
1393.35
664.20
1096.57
1170.03
1142.28
1674.36
1427.38
1162.75
1291.98
1484.82
1359.98
1823.30
709.36
1216.14
1819.25
1696.55
347.73
1812.19
1387.94
2174.78
1737.46
722.17
1162.75
468.20
1791.58
1564.73
709.36
994.34
1770.68
552.78
1280.37
882.57
1663.26
1518.48
2174.78
937.87
1096.57
1225.32
1602.73
1992.50
605.99
1791.58
1436.37
1552.60
753.19
1602.73
1518.48
1992.50
1879.54
693.96
1552.60
1427.38
1879.54
1333.38
1665.01
1671.38
822.67
1170.03
994.34
834.79
1552.60
1528.91
1602.73
1492.69
1416.43
1552.60
1333.38
1415.78
1416.43
1994.14
1096.57
1879.54
1586.41
1246.67
1518.48
958.31
1436.37
1943.09
1655.63
822.67
1521.30
1573.14
1952.13
1586.41
1787.57
1724.51
1460.75
1436.37
1246.67
1851.19
1249.89
1544.43
841.07
1746.03
1879.54
422.98
1661.51
1992.50
1812.19
1552.60
1491.18
744.62
1142.28
1847.16
994.34
1668.15
1290.22
614.02
1552.60
1484.82
1533.18
1724.51
1329.37
283.84
1123.98
1747.45
2174.78
1917.27
1671.95
1898.45
1345.27
1528.91
1668.15
1549.12
1325.67
1484.82
1431.27
1246.67
958.31
1663.26
1502.15
1187.43
937.87
693.96
1851.19
1345.27
1419.99
937.87
1249.89
1518.48
1549.12
994.34
1291.98
1674.36
834.79
1925.21
841.07
744.62
1586.41
992.91
1564.73
1925.21
1187.43
1992.50
1787.57
1943.09
709.36
468.20
960.70
1246.67
1724.51
605.99
1791.58
1746.03
1314.51
1671.95
839.08
664.20
1762.29
822.67
123.22
1431.27
1866.74
1654.08
1674.36
1819.25
1762.29
2174.78
1696.55
1460.75
1162.75
1671.38
1142.28
1442.92
1419.99
1770.68
992.91
1623.02
1249.89
1533.37
1544.43
1623.47
1528.91
1179.19
1812.19
1056.79
1724.51
2174.78
841.07
1879.54
123.22
1898.45
1345.27
1733.18
1733.18
1039.76
1724.51
1898.45
1665.01
1552.60
631.35
1518.48
1654.08
1665.01
1552.60
1759.00
1280.37
1917.27
1528.91
1427.38
241.96
1879.54
468.20
283.84
1359.98
857.52
1851.19
1866.74
1518.48
1851.19
1549.12
1484.82
1484.82
1225.32
795.56
1724.51
1291.98
1602.73
1416.29
1249.89
1757.07
1696.55
1387.94
709.36
1518.48
1475.17
1879.54
1142.28
693.96
1038.90
1359.98
1399.28
1142.28
1564.73
1528.91
1602.73
841.07
1879.54
894.82
1855.07
1992.50
1419.99
1280.37
1484.82
822.67
1787.57
1301.25
633.08
1671.95
1162.75
822.67
468.20
971.86
596.85
1816.57
1992.50
1602.73
1333.38
1162.75
668.27
1528.91
1724.51
1187.43
468.20
1665.01
1552.60
569.60
1431.27
468.20
882.57
1056.79
2174.78
834.79
375.83
1291.98
1898.45
1454.32
1879.54
1992.50
935.53
1533.18
1992.50
1232.16
958.31
1104.00
1717.21
1211.65
1602.48
1162.75
1663.26
2174.78
1564.73
1249.89
1992.50
1952.76
1387.94
1623.02
1654.08
958.31
1992.50
1192.99
1249.89
1573.14
1306.92
1431.27
422.98
1442.92
841.07
1162.75
181.72
1687.13
1992.50
1654.08
1187.43
1416.43
1681.66
2034.91
1528.91
1346.17
1315.42
520.10
1917.47
1868.78
929.04
1747.45
1315.42
1733.18
1787.57
1602.48
643.45
958.31
1484.82
1914.43
1604.87
1211.65
1552.60
1436.37
1162.75
1849.44
1484.82
1764.16
1484.82
994.34
1787.57
1623.47
1661.51
958.31
1602.48
1192.99
888.35
1552.60
1586.41
1518.48
1484.82
1824.61
1187.43
795.56
937.87
1306.92
1306.92
1668.15
1375.60
1359.98
1232.16
753.19
2174.78
935.53
1855.07
1142.28
1665.01
527.82
1416.43
1179.19
1039.76
347.73
1733.18
1681.66
468.20
1110.57
2174.78
1816.57
971.86
1925.21
1484.82
1602.48
1623.02
1518.48
2174.78
1123.98
552.78
1868.78
1552.60
1655.63
1917.27
2174.78
1484.82
1602.73
1602.48
1399.28
1329.37
1301.25
1133.75
1665.01
1518.48
1855.07
1484.82
1521.30
1246.67
1696.55
1290.22
1812.19
992.91
1399.28
1454.32
1665.01
1952.13
643.45
1333.38
1345.27
1952.13
1306.92
1187.43
2048.79
1671.95
1586.41
1663.26
958.31
822.67
1791.58
283.84
1849.44
2006.40
1898.45
1681.66
1333.38
1518.48
1518.48
1914.43
375.83
1696.55
1187.43
1170.03
1914.43
1329.37
1110.57
1440.47
1696.55
1724.51
1454.32
1602.48
1333.38
1824.61
702.76
1329.37
1142.28
1162.75
744.62
643.45
840.37
1528.91
643.45
1216.14
929.04
1419.99
1764.16
2006.40
1484.82
1952.76
1518.48
1315.42
1602.48
1992.50
1170.03
631.35
1187.43
1787.57
1602.48
1824.61
1816.57
631.35
668.27
1851.19
1179.19
1917.47
994.34
1914.43
1096.57
1549.12
1162.75
1096.57
1249.89
1359.98
1898.45
1290.22
1898.45
1521.30
1475.17
1602.73
1687.13
1819.25
1623.02
1602.48
633.08
2224.92
1038.90
809.23
1665.01
1249.89
1602.48
857.52
1416.43
1359.98
1586.41
1602.48
2023.45
1039.55
1436.37
1521.30
569.60
1586.41
1602.48
1898.45
1855.07
722.17
605.99
1671.95
2048.79
1179.19
1819.25
702.76
1162.75
1366.23
744.62
2174.78
1415.78
935.53
1879.54
1952.76
1436.37
992.91
1142.28
1518.48
1602.48
1851.19
1484.82
1762.29
1549.12
994.34
1879.54
1602.48
1192.99
1791.58
251.76
1671.38
1211.65
1564.73
631.35
468.20
1812.19
1819.25
1359.98
958.31
1552.60
1914.43
1733.18
1162.75
1733.18
1564.73
1249.89
1416.43
1549.12
1528.91
1359.98
1366.23
882.57
1724.51
2224.92
1663.26
1992.50
2224.92
1898.45
1470.20
1564.73
691.48
937.87
1573.14
702.76
1518.48
1393.35
1812.19
1280.37
1663.26
1665.01
1602.48
1791.58
1552.60
1917.47
520.10
1039.76
693.96
1492.69
795.56
1816.57
1851.19
2174.78
1665.01
1427.38
1104.00
596.85
937.87
1306.92
1419.99
1696.55
933.12
937.87
1415.26
1291.98
1533.18
958.31
937.87
1564.73
1663.26
1994.14
744.62
1442.92
470.64
937.87
1663.26
1192.99
1791.58
1552.60
1757.07
1484.82
1917.47
1849.44
937.87
1952.76
1573.14
1564.73
937.87
1552.60
1747.45
596.85
2048.79
1879.54
1225.32
1518.48
994.34
1623.02
1170.03
1423.36
1518.48
1602.48
693.96
1681.66
1663.26
1674.36
840.37
1096.57
1879.54
744.62
1724.51
1855.07
841.07
1552.60
1917.27
1423.36
764.94
1747.45
1162.75
1291.98
935.53
1914.43
1039.55
1325.67
1952.76
1564.73
1038.90
1674.36
1663.26
1399.28
1280.37
1290.22
1249.89
729.48
1359.98
1431.27
375.83
1655.63
631.35
1518.48
1170.03
1739.53
1851.19
1868.78
1454.32
1216.14
468.20
958.31
1470.87
1819.25
1162.75
1696.55
1992.50
1602.48
1393.35
1655.63
1187.43
1602.48
283.84
2174.78
1393.35
937.87
744.62
693.96
1898.45
1393.35
1431.27
1952.76
1737.46
1423.36
1602.48
1484.82
992.91
1952.76
1533.18
1586.41
1663.26
1484.82
1868.78
1518.48
1739.53
929.04
795.56
1671.38
1724.51
1415.26
992.91
1952.13
1533.18
1823.30
1549.12
1665.01
1518.48
1170.03
633.08
1232.16
1855.07
1170.03
1747.45
1733.18
1663.26
2174.78
935.53
1533.18
1757.07
1602.48
1460.75
882.57
1056.79
1533.18
1431.27
1914.43
1696.55
1366.23
722.17
1170.03
994.34
1819.25
1604.87
1291.98
1925.21
1415.26
1733.18
2224.92
1791.58
1602.48
1696.55
1665.01
1170.03
527.82
1602.48
2174.78
1732.96
1917.27
2174.78
1665.01
1791.58
1427.38
958.31
1291.98
1681.66
1586.41
1549.12
1170.03
1586.41
1654.08
888.35
1812.19
1366.23
1819.25
2174.78
1232.16
702.76
1552.60
1917.47
1917.27
1671.95
722.17
1943.09
1816.57
1879.54
1415.26
1549.12
1952.13
283.84
668.27
1460.75
764.94
1387.94
1333.38
1759.00
1179.19
1301.25
1333.38
935.53
1724.51
1671.95
1290.22
1170.03
1791.58
1549.12
1552.60
958.31
1952.76
1484.82
1518.48
1232.16
1436.37
1681.66
1427.38
1123.98
468.20
722.17
1431.27
960.70
1454.32
1359.98
1544.43
2174.78
2006.40
1732.96
1696.55
1671.38
1454.32
1952.76
1359.98
1549.12
1925.21
1952.13
1359.98
1916.60
1431.27
1246.67
1732.96
888.35
1416.29
1994.14
1919.96
1359.98
992.91
1586.41
1943.09
1518.48
1655.63
1671.95
2006.40
992.91
1868.78
744.62
1232.16
1602.48
709.36
1533.18
1246.67
1812.19
1714.21
1564.73
1096.57
1038.90
1416.43
1898.45
1732.96
1484.82
1770.68
1290.22
958.31
1716.22
1110.57
1623.47
1359.98
1573.14
1914.43
1879.54
1994.14
1518.48
1162.75
1992.50
1192.99
1564.73
1573.14
1757.07
1300.49
992.91
1170.03
1687.13
1552.60
1564.73
1107.87
1671.95
1717.21
1823.30
1952.76
1663.26
468.20
1291.98
1170.03
1415.26
2174.78
929.04
1602.48
1879.54
1170.03
1232.16
1847.16
1737.46
1663.26
1733.18
596.85
937.87
1110.57
1521.30
1602.48
1552.60
1549.12
1604.87
1549.12
1564.73
702.76
1665.01
1917.47
1952.76
1952.76
1914.43
1518.48
929.04
722.17
1663.26
1142.28
1573.14
1436.37
1564.73
882.57
1663.26
1992.50
839.08
1306.92
937.87
958.31
1739.53
1232.16
1714.21
1816.57
1564.73
888.35
1440.47
958.31
1280.37
1246.67
1104.00
1770.68
1602.48
971.86
834.79
1533.37
1096.03
1787.57
1291.98
1366.23
1663.26
1442.92
809.23
1170.03
1518.48
809.23
631.35
668.27
552.78
1366.23
1879.54
693.96
1602.48
1533.37
1602.73
1518.48
1663.26
1992.50
809.23
1315.42
2174.78
1602.48
1654.08
1315.42
1333.38
1671.95
1366.23
1249.89
937.87
1602.48
1762.29
1518.48
1162.75
1674.36
839.08
1039.76
994.34
1696.55
992.91
1436.37
841.07
971.86
1399.28
840.37
839.08
552.78
1917.27
958.31
822.67
2048.79
729.48
1994.14
1346.17
1674.36
1879.54
1415.26
753.19
1791.58
1824.61
1917.47
605.99
958.31
722.17
1663.26
605.99
1654.08
1470.87
1552.60
1849.44
1104.00
1187.43
1623.02
1518.48
1952.13
1824.61
1518.48
1733.18
1851.19
691.48
1586.41
1096.57
1759.00
1039.76
283.84
958.31
1345.27
1724.51
1917.47
1000.38
1552.60
1329.37
888.35
1415.78
1604.87
1110.57
1602.48
1812.19
753.19
1549.12
834.79
1737.46
994.34
1162.75
1280.37
1994.14
1346.17
1315.42
1898.45
1564.73
1232.16
1851.19
1663.26
1359.98
1994.14
1623.02
994.34
1518.48
1470.87
1586.41
1359.98
1602.73
1056.79
1549.12
1668.15
1917.27
1724.51
2174.78
1919.96
839.08
1436.37
1917.27
1665.01
822.67
691.48
1170.03
2174.78
1366.23
1460.75
1759.00
937.87
1623.47
1564.73
1681.66
527.82
1107.87
1746.03
1623.02
1039.76
1170.03
2006.40
1306.92
1668.15
1663.26
1038.90
527.82
1943.09
1528.91
1187.43
2174.78
1484.82
1759.00
1179.19
1306.92
1681.66
1816.57
1732.96
888.35
1654.08
1431.27
1663.26
1849.44
1528.91
1724.51
1387.94
1823.30
929.04
664.20
1211.65
1415.26
1759.00
1187.43
1879.54
1301.25
1315.42
1502.15
1423.36
1552.60
1249.89
1992.50
1898.45
1314.51
822.67
971.86
1573.14
2224.92
840.37
1917.47
1359.98
2174.78
1442.92
1943.09
691.48
1552.60
1315.42
994.34
1502.15
935.53
1142.28
1602.48
1170.03
1746.03
1564.73
1133.75
1671.95
1454.32
1602.48
1454.32
2174.78
1518.48
1133.75
1359.98
935.53
1992.50
1602.48
1431.27
809.23
1436.37
1879.54
1533.18
1816.57
1952.13
822.67
1552.60
1746.03
1665.01
1096.57
1812.19
753.19
1484.82
1549.12
1573.14
1187.43
702.76
1280.37
1791.58
1039.76
1602.48
1724.51
1454.32
1747.45
1423.36
1812.19
1586.41
1696.55
1602.73
468.20
1366.23
1187.43
1747.45
1851.19
520.10
935.53
1325.67
1663.26
1952.76
1290.22
1819.25
1764.16
1039.55
1484.82
1992.50
1110.57
1604.87
1475.17
1290.22
1898.45
1460.75
1387.94
1423.36
1724.51
1249.89
691.48
1416.43
1849.44
929.04
1475.17
1563.68
1301.25
1552.60
958.31
744.62
1724.51
1733.18
1333.38
1225.32
1925.21
1484.82
1879.54
527.82
1552.60
839.08
1192.99
1423.36
888.35
888.35
1249.89
809.23
1879.54
1431.27
1399.28
1868.78
1315.42
1419.99
1663.26
1366.23
1359.98
1329.37
1460.75
1552.60
822.67
937.87
1096.57
569.60
2174.78
1739.53
1325.67
1333.38
596.85
1096.57
1454.32
1416.29
994.34
2174.78
1249.89
1381.95
1552.60
1764.16
1787.57
1787.57
1724.51
1491.18
1879.54
1787.57
1533.37
1602.48
1564.73
822.67
1739.53
1232.16
1187.43
1925.21
2174.78
1791.58
1333.38
1665.01
834.79
822.67
1879.54
1333.38
1724.51
668.27
1436.37
1879.54
841.07
1602.48
1739.53
1992.50
241.96
1301.25
2224.92
1943.09
729.48
1416.43
1602.48
1879.54
1770.68
1994.14
1416.43
1528.91
841.07
1470.20
1142.28
753.19
1387.94
181.72
1994.14
691.48
605.99
1484.82
1399.28
2174.78
1110.57
1868.78
1992.50
994.34
1868.78
1604.87
2174.78
822.67
839.08
1586.41
1306.92
1602.48
643.45
1674.36
2174.78
1170.03
1162.75
661.86
1733.18
1879.54
1602.48
2174.78
1602.48
1518.48
668.27
1170.03
1717.21
1994.14
1917.27
1732.96
839.08
1602.48
1454.32
1812.19
1315.42
1381.95
1674.36
1663.26
668.27
1791.58
1301.25
1518.48
1851.19
1179.19
1470.87
1442.92
1943.09
702.76
888.35
1992.50
1747.45
668.27
1544.43
1564.73
1518.48
1851.19
1764.16
1415.26
840.37
1716.22
1602.48
1602.48
729.48
1454.32
958.31
1484.82
1315.42
1431.27
1898.45
1671.95
722.17
1604.87
1533.18
1314.51
1399.28
1847.16
1791.58
1533.18
1654.08
1655.63
1943.09
1602.48
1744.06
1992.50
1359.98
1296.00
1602.48
1133.75
1681.66
1770.68
1992.50
1602.73
1654.08
1824.61
520.10
1333.38
693.96
1739.53
1387.94
1696.55
1415.78
664.20
1381.95
1387.94
1460.75
1333.38
1851.19
1917.47
1314.51
2034.91
664.20
1521.30
888.35
1552.60
1296.00
1192.99
1671.95
1416.43
1123.98
569.60
1366.23
1431.27
1431.27
1747.45
1773.78
1475.17
1747.45
1791.58
1655.63
1533.18
1345.27
1387.94
1416.29
1994.14
1107.87
937.87
2023.45
744.62
1724.51
1604.87
1552.60
1573.14
1814.61
1460.75
1925.21
1814.61
722.17
1724.51
1249.89
664.20
1359.98
888.35
1732.96
1992.50
1518.48
1442.92
1564.73
283.84
1623.02
1211.65
1096.57
1724.51
1296.00
753.19
1306.92
937.87
1427.38
1716.22
937.87
1573.14
693.96
822.67
1359.98
1855.07
1039.55
1674.36
1564.73
1290.22
1816.57
1671.95
1549.12
1246.67
1442.92
1475.17
722.17
1733.18
1744.06
702.76
834.79
971.86
1671.95
1847.16
1162.75
1943.09
1296.00
1162.75
1952.13
1416.29
1943.09
753.19
1366.23
1533.18
958.31
1824.61
1366.23
1162.75
1759.00
1301.25
1096.57
1822.79
1994.14
1484.82
1787.57
1249.89
1192.99
1346.17
1696.55
1399.28
1943.09
1564.73
1249.89
1170.03
664.20
1879.54
1470.87
633.08
1454.32
1914.43
2174.78
709.36
1747.45
1654.08
702.76
283.84
1359.98
1436.37
1431.27
1187.43
753.19
1623.02
1724.51
1533.18
1674.36
1602.73
1431.27
929.04
1533.18
1000.38
1162.75
1133.75
840.37
1038.90
468.20
958.31
1879.54
2174.78
1681.66
1812.19
1170.03
1564.73
1602.73
633.08
1366.23
1824.61
1300.49
1306.92
1586.41
1952.13
1552.60
1366.23
1552.60
1855.07
992.91
822.67
1399.28
1533.18
929.04
1056.79
1056.79
1359.98
1866.74
1315.42
1416.43
1914.43
1663.26
1671.95
283.84
468.20
1855.07
1564.73
1096.03
1744.06
1039.55
1096.57
744.62
1586.41
1170.03
2224.92
809.23
1470.87
1315.42
468.20
1879.54
1170.03
569.60
1290.22
1717.21
1696.55
1315.42
1943.09
1300.49
596.85
1851.19
2174.78
1460.75
1952.13
1056.79
2174.78
1038.90
1851.19
1096.57
1436.37
888.35
1162.75
1604.87
1440.47
1346.17
1604.87
702.76
664.20
1573.14
1416.43
2048.79
1992.50
1602.48
729.48
1416.43
1162.75
958.31
1665.01
664.20
1436.37
1387.94
1399.28
1211.65
1714.21
840.37
958.31
1851.19
1399.28
1994.14
839.08
702.76
1737.46
958.31
1296.00
1757.07
1359.98
1436.37
181.72
1764.16
1296.00
2174.78
1249.89
1602.48
1427.38
1943.09
1681.66
1674.36
1549.12
1851.19
841.07
1879.54
1518.48
1533.18
1668.15
1814.61
1440.47
1290.22
1879.54
1746.03
1179.19
1681.66
1431.27
1142.28
839.08
1416.43
1943.09
1192.99
933.12
1246.67
894.82
1564.73
1296.00
1187.43
1552.60
1484.82
1552.60
1142.28
1674.36
1333.38
1187.43
935.53
1602.73
1552.60
1604.87
633.08
1346.17
857.52
1812.19
1325.67
1502.15
1039.55
2174.78
1824.61
1187.43
1879.54
1170.03
1814.61
1484.82
1162.75
1192.99
1564.73
1192.99
643.45
1602.48
1436.37
840.37
2174.78
1423.36
1879.54
971.86
1440.47
1142.28
1952.13
1518.48
1819.25
1549.12
1663.26
1602.73
1107.87
1665.01
834.79
1415.78
992.91
1296.00
935.53
1855.07
1668.15
1602.48
1187.43
958.31
1671.95
2224.92
1732.96
722.17
1179.19
1192.99
1552.60
1518.48
1604.87
1560.61
1436.37
170.98
1602.48
1733.18
1179.19
1552.60
1162.75
1868.78
1478.46
1333.38
605.99
2174.78
1359.98
1246.67
1773.78
1460.75
1952.13
1142.28
1663.26
1737.46
631.35
1431.27
375.83
1823.30
958.31
937.87
1879.54
1478.46
888.35
1552.60
1549.12
1868.78
1914.43
241.96
1602.48
1187.43
1925.21
1345.27
1952.13
2174.78
1952.13
1484.82
1668.15
1170.03
1518.48
569.60
1602.48
1602.48
937.87
1162.75
1739.53
1415.26
1724.51
283.84
1681.66
1671.38
958.31
1290.22
702.76
1454.32
1225.32
1211.65
1301.25
971.86
1544.43
1552.60
1096.03
1301.25
1623.47
1528.91
1552.60
1436.37
1306.92
1823.30
1162.75
1211.65
1039.76
1602.48
822.67
691.48
1301.25
958.31
1478.46
1333.38
839.08
1994.14
1056.79
1952.13
1179.19
1096.57
1431.27
744.62
1427.38
1296.00
1346.17
1914.43
888.35
1291.98
1431.27
1724.51
722.17
1387.94
1415.26
857.52
1992.50
1812.19
1179.19
1315.42
1416.29
1671.95
1602.48
1375.60
935.53
702.76
1994.14
1123.98
1855.07
1123.98
1096.57
1952.76
1416.43
1518.48
1142.28
1246.67
1518.48
1301.25
1315.42
857.52
1387.94
1366.23
1301.25
1484.82
839.08
1415.78
1142.28
1232.16
633.08
1671.95
1992.50
1674.36
1345.27
1943.09
994.34
1246.67
1211.65
1851.19
1123.98
1170.03
1602.48
1623.47
1654.08
664.20
1314.51
2174.78
1714.21
1917.27
1387.94
2006.40
1791.58
2023.45
1602.48
1552.60
1521.30
1868.78
1419.99
1187.43
1454.32
1484.82
1346.17
753.19
1192.99
1917.47
1436.37
1663.26
1478.46
1879.54
1602.48
960.70
1533.18
1849.44
347.73
1533.18
1291.98
1661.51
1665.01
1187.43
1602.73
753.19
543.91
1291.98
1478.46
2006.40
1824.61
1770.68
1133.75
1602.73
1724.51
1816.57
960.70
1733.18
664.20
958.31
1359.98
1552.60
882.57
1602.48
1211.65
1533.18
1549.12
2006.40
1415.78
1387.94
1671.95
1325.67
1549.12
1992.50
1717.21
1107.87
1291.98
1681.66
935.53
1346.17
933.12
834.79
1470.87
1724.51
1211.65
822.67
1170.03
1746.03
1460.75
1431.27
929.04
1851.19
1549.12
1602.48
1671.95
1460.75
633.08
744.62
1333.38
888.35
882.57
1823.30
1952.76
1399.28
1952.76
1096.57
1225.32
1225.32
834.79
1056.79
1179.19
1552.60
1387.94
937.87
1431.27
1849.44
1491.18
1436.37
1681.66
1564.73
1812.19
1187.43
722.17
1440.47
1470.87
1346.17
1142.28
1564.73
1170.03
527.82
1770.68
1602.48
809.23
1280.37
1187.43
971.86
1586.41
1544.43
633.08
1039.55
1306.92
1696.55
1762.29
1816.57
1470.20
1431.27
1602.73
1759.00
1246.67
2023.45
1732.96
1549.12
1759.00
992.91
1359.98
1110.57
1142.28
1916.60
1416.43
1211.65
1716.22
709.36
1824.61
1249.89
1039.55
1056.79
1943.09
1528.91
1518.48
1564.73
1399.28
1246.67
744.62
1442.92
994.34
1216.14
1762.29
1056.79
1491.18
1454.32
1179.19
1170.03
888.35
1518.48
1917.47
1123.98
1359.98
661.86
1359.98
470.64
1225.32
929.04
1366.23
1246.67
1855.07
2174.78
1399.28
1898.45
668.27
1056.79
1819.25
1560.61
1325.67
1393.35
1518.48
1249.89
1952.76
1533.37
1107.87
2174.78
2224.92
1994.14
1696.55
1544.43
839.08
1528.91
1232.16
1436.37
1521.30
882.57
527.82
1943.09
1333.38
882.57
1533.18
1586.41
633.08
1586.41
1992.50
1104.00
664.20
1359.98
1866.74
661.86
552.78
569.60
1916.60
1671.95
1290.22
1744.06
1291.98
1917.27
1549.12
1528.91
1602.73
1943.09
1564.73
1301.25
1602.48
958.31
709.36
1518.48
1552.60
1533.37
1563.68
841.07
1823.30
1791.58
1917.27
1812.19
1663.26
1762.29
1454.32
2174.78
1759.00
1142.28
857.52
702.76
1732.96
994.34
1663.26
1674.36
1484.82
1096.57
1454.32
1211.65
1528.91
822.67
1442.92
1732.96
841.07
1306.92
937.87
1696.55
1431.27
1039.76
729.48
1655.63
1416.43
1573.14
1484.82
1211.65
1663.26
1387.94
1470.87
1460.75
1879.54
1039.55
1879.54
1602.73
1564.73
569.60
520.10
1847.16
958.31
822.67
1602.48
1096.57
1564.73
1879.54
1716.22
1823.30
1917.27
1602.48
1812.19
1866.74
1096.57
1249.89
1518.48
1573.14
1142.28
1211.65
1518.48
1249.89
1179.19
1665.01
1696.55
633.08
1359.98
1759.00
664.20
520.10
1623.02
1533.18
1475.17
1681.66
1552.60
1232.16
992.91
1623.02
1381.95
992.91
1744.06
1366.23
1744.06
1564.73
1602.73
994.34
1436.37
1757.07
1814.61
2174.78
1225.32
631.35
935.53
1387.94
1162.75
709.36
1851.19
1038.90
1737.46
1123.98
1762.29
1849.44
1602.73
1096.57
1518.48
1564.73
1142.28
691.48
643.45
1232.16
1602.73
1663.26
722.17
1533.37
1552.60
1671.95
1552.60
1879.54
1952.13
1866.74
1518.48
1994.14
882.57
1039.76
468.20
1773.78
1521.30
1291.98
1518.48
1528.91
2224.92
1917.47
1733.18
1475.17
1460.75
1484.82
1549.12
2174.78
1943.09
1533.18
822.67
1917.27
1133.75
1359.98
1387.94
1460.75
1812.19
994.34
994.34
1225.32
468.20
1552.60
1602.48
1665.01
1552.60
935.53
1359.98
1296.00
1056.79
470.64
1552.60
958.31
1602.48
994.34
1943.09
937.87
2023.45
1925.21
1724.51
1623.47
2006.40
1346.17
1824.61
520.10
935.53
2174.78
1162.75
994.34
1552.60
1484.82
552.78
1484.82
1518.48
1314.51
1925.21
1744.06
375.83
1484.82
596.85
1586.41
1415.78
1602.48
1431.27
1759.00
1994.14
468.20
123.22
1415.78
1056.79
1110.57
1110.57
1056.79
1717.21
822.67
1732.96
1518.48
753.19
894.82
1232.16
1586.41
1663.26
839.08
1696.55
1521.30
1123.98
668.27
857.52
1602.48
1162.75
992.91
1484.82
822.67
1549.12
520.10
1296.00
1773.78
1602.48
1824.61
1564.73
1663.26
894.82
1674.36
702.76
1552.60
1359.98
1661.51
1399.28
1249.89
1552.60
1216.14
1552.60
1249.89
1992.50
1759.00
1879.54
702.76
1732.96
935.53
1528.91
1943.09
1246.67
1687.13
937.87
1192.99
1225.32
1744.06
1528.91
1478.46
1714.21
841.07
1671.95
1671.95
1879.54
1249.89
1096.03
960.70
1552.60
2174.78
994.34
1724.51
1552.60
935.53
753.19
1687.13
857.52
1484.82
605.99
935.53
1359.98
1314.51
1917.27
1994.14
888.35
1665.01
809.23
661.86
1301.25
1211.65
709.36
1573.14
1770.68
1038.90
1573.14
992.91
1436.37
1573.14
1454.32
1333.38
1110.57
1427.38
520.10
605.99
1586.41
1170.03
1170.03
1142.28
1301.25
633.08
958.31
1879.54
841.07
958.31
1110.57
1549.12
1623.47
994.34
1552.60
1623.02
1306.92
1436.37
1992.50
1528.91
1552.60
1764.16
1187.43
1724.51
1544.43
1868.78
1415.78
1280.37
1762.29
1436.37
1746.03
1943.09
2048.79
1816.57
1757.07
1333.38
1602.48
1687.13
1416.43
1442.92
1162.75
1564.73
1952.13
1602.73
1994.14
1300.49
1107.87
1460.75
1665.01
1602.73
1724.51
631.35
1528.91
668.27
1470.87
2174.78
1552.60
1602.48
958.31
958.31
1655.63
935.53
1296.00
1521.30
1249.89
1855.07
1696.55
468.20
1170.03
1739.53
1431.27
1296.00
1518.48
1604.87
958.31
744.62
668.27
1992.50
857.52
1671.38
1819.25
1602.48
1602.48
1898.45
888.35
1431.27
1552.60
1346.17
1301.25
937.87
1917.27
1602.48
1431.27
470.64
1162.75
1623.47
1602.48
958.31
1816.57
834.79
702.76
1436.37
1315.42
1714.21
1415.26
935.53
1478.46
1952.13
1879.54
1415.78
1039.76
631.35
1917.27
1359.98
1674.36
347.73
1733.18
1791.58
1717.21
1552.60
1917.47
857.52
841.07
1746.03
1791.58
1696.55
1415.26
935.53
1454.32
1039.55
840.37
1992.50
929.04
1528.91
1415.78
958.31
1162.75
1521.30
1952.13
1359.98
468.20
1544.43
1162.75
1586.41
1518.48
1329.37
1681.66
1544.43
1454.32
1992.50
1604.87
1096.57
1416.43
2174.78
1211.65
1602.48
1533.37
1056.79
1315.42
1470.20
1179.19
1521.30
841.07
1502.15
1039.55
1249.89
1431.27
693.96
1470.20
1943.09
702.76
2174.78
1096.57
1225.32
958.31
1665.01
1812.19
1133.75
1552.60
1249.89
1123.98
764.94
1744.06
1296.00
1879.54
1724.51
1586.41
633.08
1573.14
1359.98
1917.27
1038.90
1427.38
1739.53
729.48
1868.78
1822.79
1879.54
1732.96
1787.57
1104.00
1714.21
283.84
1345.27
1162.75
1415.78
809.23
2174.78
1314.51
1442.92
888.35
1855.07
1056.79
170.98
668.27
1096.57
1943.09
1994.14
1714.21
1564.73
1816.57
1291.98
1560.61
929.04
1225.32
1484.82
1096.03
958.31
1757.07
1123.98
744.62
1442.92
1733.18
1533.37
1696.55
1791.58
1333.38
1943.09
1602.48
1521.30
1733.18
1460.75
1492.69
840.37
1056.79
631.35
1602.48
1586.41
1602.73
1436.37
1359.98
1431.27
1315.42
605.99
1602.73
1663.26
1246.67
1812.19
1528.91
1573.14
1952.13
857.52
1359.98
668.27
1528.91
1291.98
1039.55
1039.76
1822.79
1602.73
1552.60
1359.98
839.08
2174.78
888.35
1436.37
1602.73
1416.43
1484.82
1301.25
1393.35
1249.89
994.34
1855.07
1602.48
691.48
1732.96
1399.28
1602.73
543.91
1917.27
1359.98
543.91
1187.43
1454.32
283.84
1442.92
1333.38
1442.92
1661.51
1454.32
1290.22
1724.51
2174.78
470.64
1602.48
722.17
1602.48
1366.23
1359.98
1855.07
1663.26
1306.92
1518.48
1415.26
1952.13
1225.32
1724.51
1393.35
1416.43
1170.03
1714.21
596.85
1038.90
1000.38
971.86
1770.68
841.07
1123.98
1812.19
1484.82
1296.00
283.84
1232.16
971.86
1142.28
1179.19
809.23
1623.47
1661.51
1812.19
1387.94
1674.36
702.76
1560.61
1478.46
1602.48
1528.91
2224.92
1232.16
1552.60
1366.23
1325.67
2174.78
1816.57
1484.82
1039.55
1744.06
888.35
1436.37
822.67
1879.54
1552.60
1123.98
1560.61
1359.98
2174.78
1549.12
170.98
1602.48
1733.18
1387.94
840.37
1359.98
1533.18
1415.26
1000.38
1898.45
1665.01
1665.01
1952.13
1992.50
1602.73
1366.23
1533.37
1602.48
1528.91
408.93
1549.12
1732.96
1038.90
1039.55
1759.00
753.19
569.60
668.27
1791.58
1436.37
